"date, price"
"2014-12-04","24.100000"
"2014-12-05","24.355000"
"2014-12-08","24.365000"
"2014-12-09","25.084999"
"2014-12-10","24.584999"
"2014-12-11","25.205000"
"2014-12-12","25.129999"
"2014-12-15","25.230000"
"2014-12-16","25.155001"
"2014-12-17","25.770000"
"2014-12-18","26.245001"
"2014-12-19","26.459999"
"2014-12-22","26.715000"
"2014-12-23","26.680000"
"2014-12-24","26.840000"
"2014-12-26","26.950001"
"2014-12-29","27.190001"
"2014-12-30","27.190001"
"2014-12-31","27.115000"
"2015-01-02","26.695000"
"2015-01-05","26.799999"
"2015-01-06","26.760000"
"2015-01-07","27.170000"
"2015-01-08","27.510000"
"2015-01-09","27.010000"
"2015-01-12","27.150000"
"2015-01-13","27.290001"
"2015-01-14","27.745001"
"2015-01-15","27.620001"
"2015-01-16","28.309999"
"2015-01-20","28.035000"
"2015-01-21","27.540001"
"2015-01-22","28.490000"
"2015-01-23","28.545000"
"2015-01-26","28.795000"
"2015-01-27","28.645000"
"2015-01-28","28.309999"
"2015-01-29","28.809999"
"2015-01-30","27.860001"
"2015-02-02","28.315001"
"2015-02-03","28.715000"
"2015-02-04","28.635000"
"2015-02-05","28.709999"
"2015-02-06","28.459999"
"2015-02-09","27.870001"
"2015-02-10","28.004999"
"2015-02-11","28.125000"
"2015-02-12","28.135000"
"2015-02-13","28.445000"
"2015-02-17","28.209999"
"2015-02-18","28.459999"
"2015-02-19","28.555000"
"2015-02-20","28.495001"
"2015-02-23","28.530001"
"2015-02-24","29.605000"
"2015-02-25","29.190001"
"2015-02-26","29.115000"
"2015-02-27","30.004999"
"2015-03-02","30.620001"
"2015-03-03","30.084999"
"2015-03-04","30.035000"
"2015-03-05","30.055000"
"2015-03-06","29.575001"
"2015-03-09","29.530001"
"2015-03-10","29.580000"
"2015-03-11","29.580000"
"2015-03-12","30.000000"
"2015-03-13","29.455000"
"2015-03-16","29.930000"
"2015-03-17","29.900000"
"2015-03-18","29.975000"
"2015-03-19","30.370001"
"2015-03-20","30.995001"
"2015-03-23","31.049999"
"2015-03-24","31.325001"
"2015-03-25","30.790001"
"2015-03-26","30.260000"
"2015-03-27","30.250000"
"2015-03-30","31.070000"
"2015-03-31","30.825001"
"2015-04-01","30.684999"
"2015-04-02","31.145000"
"2015-04-06","30.965000"
"2015-04-07","30.225000"
"2015-04-08","30.670000"
"2015-04-09","30.730000"
"2015-04-10","30.855000"
"2015-04-13","30.990000"
"2015-04-14","31.004999"
"2015-04-15","30.865000"
"2015-04-16","30.565001"
"2015-04-17","29.934999"
"2015-04-20","29.950001"
"2015-04-21","30.004999"
"2015-04-22","29.875000"
"2015-04-23","30.235001"
"2015-04-24","30.655001"
"2015-04-27","30.375000"
"2015-04-28","30.840000"
"2015-04-29","30.445000"
"2015-04-30","29.389999"
"2015-05-01","32.740002"
"2015-05-04","32.669998"
"2015-05-05","32.439999"
"2015-05-06","32.310001"
"2015-05-07","32.145000"
"2015-05-08","32.400002"
"2015-05-11","32.564999"
"2015-05-12","32.470001"
"2015-05-13","32.650002"
"2015-05-14","32.980000"
"2015-05-15","33.000000"
"2015-05-18","33.520000"
"2015-05-19","33.840000"
"2015-05-20","34.215000"
"2015-05-21","34.044998"
"2015-05-22","33.759998"
"2015-05-26","33.375000"
"2015-05-27","33.840000"
"2015-05-28","34.075001"
"2015-05-29","33.584999"
"2015-06-01","33.790001"
"2015-06-02","34.035000"
"2015-06-03","34.435001"
"2015-06-04","34.005001"
"2015-06-05","34.490002"
"2015-06-08","34.630001"
"2015-06-09","34.200001"
"2015-06-10","34.285000"
"2015-06-11","34.419998"
"2015-06-12","34.020000"
"2015-06-15","33.485001"
"2015-06-16","33.439999"
"2015-06-17","33.415001"
"2015-06-18","33.825001"
"2015-06-19","33.790001"
"2015-06-22","34.910000"
"2015-06-23","34.695000"
"2015-06-24","34.424999"
"2015-06-25","34.520000"
"2015-06-26","34.490002"
"2015-06-29","33.740002"
"2015-06-30","33.685001"
"2015-07-01","33.134998"
"2015-07-02","30.264999"
"2015-07-06","30.745001"
"2015-07-07","30.745001"
"2015-07-08","31.000000"
"2015-07-09","31.040001"
"2015-07-10","31.530001"
"2015-07-13","31.625000"
"2015-07-14","31.889999"
"2015-07-15","31.684999"
"2015-07-16","31.750000"
"2015-07-17","31.559999"
"2015-07-20","31.695000"
"2015-07-21","32.174999"
"2015-07-22","32.810001"
"2015-07-23","32.619999"
"2015-07-24","32.555000"
"2015-07-27","32.470001"
"2015-07-28","32.345001"
"2015-07-29","32.090000"
"2015-07-30","32.000000"
"2015-07-31","32.064999"
"2015-08-03","32.040001"
"2015-08-04","31.020000"
"2015-08-05","31.105000"
"2015-08-06","30.450001"
"2015-08-07","31.245001"
"2015-08-10","30.965000"
"2015-08-11","30.879999"
"2015-08-12","30.745001"
"2015-08-13","30.900000"
"2015-08-14","31.020000"
"2015-08-17","31.375000"
"2015-08-18","31.405001"
"2015-08-19","30.915001"
"2015-08-20","30.424999"
"2015-08-21","30.355000"
"2015-08-24","29.430000"
"2015-08-25","29.625000"
"2015-08-26","29.855000"
"2015-08-27","30.270000"
"2015-08-28","30.395000"
"2015-08-31","29.990000"
"2015-09-01","29.174999"
"2015-09-02","30.120001"
"2015-09-03","31.195000"
"2015-09-04","30.975000"
"2015-09-08","31.615000"
"2015-09-09","31.065001"
"2015-09-10","31.600000"
"2015-09-11","32.049999"
"2015-09-14","31.674999"
"2015-09-15","32.014999"
"2015-09-16","32.279999"
"2015-09-17","32.150002"
"2015-09-18","32.115002"
"2015-09-21","32.584999"
"2015-09-22","32.459999"
"2015-09-23","32.849998"
"2015-09-24","32.540001"
"2015-09-25","31.959999"
"2015-09-28","30.084999"
"2015-09-29","29.735001"
"2015-09-30","29.775000"
"2015-10-01","29.760000"
"2015-10-02","30.525000"
"2015-10-05","30.605000"
"2015-10-06","29.545000"
"2015-10-07","29.485001"
"2015-10-08","29.174999"
"2015-10-09","29.395000"
"2015-10-12","29.600000"
"2015-10-13","29.035000"
"2015-10-14","28.825001"
"2015-10-15","29.309999"
"2015-10-16","29.680000"
"2015-10-19","30.485001"
"2015-10-20","29.844999"
"2015-10-21","29.764999"
"2015-10-22","28.219999"
"2015-10-23","28.330000"
"2015-10-26","28.405001"
"2015-10-27","28.389999"
"2015-10-28","29.365000"
"2015-10-29","29.674999"
"2015-10-30","29.785000"
"2015-11-02","30.730000"
"2015-11-03","30.620001"
"2015-11-04","31.600000"
"2015-11-05","31.770000"
"2015-11-06","32.230000"
"2015-11-09","31.809999"
"2015-11-10","32.154999"
"2015-11-11","31.844999"
"2015-11-12","31.510000"
"2015-11-13","31.405001"
"2015-11-16","31.684999"
"2015-11-17","31.870001"
"2015-11-18","32.014999"
"2015-11-19","31.395000"
"2015-11-20","31.040001"
"2015-11-23","31.000000"
"2015-11-24","30.879999"
"2015-11-25","31.080000"
"2015-11-27","31.340000"
"2015-11-30","31.355000"
"2015-12-01","31.985001"
"2015-12-02","32.064999"
"2015-12-03","31.770000"
"2015-12-04","32.430000"
"2015-12-07","32.150002"
"2015-12-08","32.330002"
"2015-12-09","32.115002"
"2015-12-10","32.105000"
"2015-12-11","31.955000"
"2015-12-14","31.844999"
"2015-12-15","32.514999"
"2015-12-16","33.095001"
"2015-12-17","33.014999"
"2015-12-18","33.180000"
"2015-12-21","33.570000"
"2015-12-22","33.689999"
"2015-12-23","33.910000"
"2015-12-24","33.875000"
"2015-12-28","33.764999"
"2015-12-29","34.299999"
"2015-12-30","34.185001"
"2015-12-31","33.889999"
"2016-01-04","33.090000"
"2016-01-05","33.105000"
"2016-01-06","33.415001"
"2016-01-07","33.270000"
"2016-01-08","32.834999"
"2016-01-11","32.119999"
"2016-01-12","32.200001"
"2016-01-13","31.330000"
"2016-01-14","32.090000"
"2016-01-15","31.430000"
"2016-01-19","31.580000"
"2016-01-20","31.549999"
"2016-01-21","31.155001"
"2016-01-22","31.475000"
"2016-01-25","31.080000"
"2016-01-26","31.490000"
"2016-01-27","31.055000"
"2016-01-28","30.195000"
"2016-01-29","30.725000"
"2016-02-01","30.920000"
"2016-02-02","30.410000"
"2016-02-03","30.565001"
"2016-02-04","30.590000"
"2016-02-05","28.805000"
"2016-02-08","28.275000"
"2016-02-09","27.969999"
"2016-02-10","27.995001"
"2016-02-11","27.764999"
"2016-02-12","27.745001"
"2016-02-16","28.605000"
"2016-02-17","28.719999"
"2016-02-18","28.834999"
"2016-02-19","29.355000"
"2016-02-22","29.225000"
"2016-02-23","28.820000"
"2016-02-24","29.540001"
"2016-02-25","29.795000"
"2016-02-26","30.665001"
"2016-02-29","30.680000"
"2016-03-01","31.370001"
"2016-03-02","31.240000"
"2016-03-03","31.045000"
"2016-03-04","31.235001"
"2016-03-07","31.655001"
"2016-03-08","31.459999"
"2016-03-09","31.764999"
"2016-03-10","31.820000"
"2016-03-11","32.240002"
"2016-03-14","32.584999"
"2016-03-15","32.525002"
"2016-03-16","32.689999"
"2016-03-17","32.185001"
"2016-03-18","32.660000"
"2016-03-21","32.500000"
"2016-03-22","32.580002"
"2016-03-23","32.404999"
"2016-03-24","32.185001"
"2016-03-28","32.380001"
"2016-03-29","33.455002"
"2016-03-30","33.775002"
"2016-03-31","33.680000"
"2016-04-01","33.755001"
"2016-04-04","33.480000"
"2016-04-05","33.014999"
"2016-04-06","33.165001"
"2016-04-07","33.095001"
"2016-04-08","32.785000"
"2016-04-11","32.580002"
"2016-04-12","32.724998"
"2016-04-13","33.099998"
"2016-04-14","33.325001"
"2016-04-15","33.435001"
"2016-04-18","33.599998"
"2016-04-19","33.180000"
"2016-04-20","33.014999"
"2016-04-21","33.070000"
"2016-04-22","33.215000"
"2016-04-25","33.025002"
"2016-04-26","32.855000"
"2016-04-27","35.389999"
"2016-04-28","35.060001"
"2016-04-29","35.410000"
"2016-05-02","35.880001"
"2016-05-03","35.215000"
"2016-05-04","35.240002"
"2016-05-05","35.459999"
"2016-05-06","36.005001"
"2016-05-09","36.605000"
"2016-05-10","36.474998"
"2016-05-11","36.505001"
"2016-05-12","35.689999"
"2016-05-13","35.525002"
"2016-05-16","35.970001"
"2016-05-17","35.540001"
"2016-05-18","35.930000"
"2016-05-19","35.720001"
"2016-05-20","36.220001"
"2016-05-23","35.930000"
"2016-05-24","36.314999"
"2016-05-25","36.619999"
"2016-05-26","36.555000"
"2016-05-27","36.945000"
"2016-05-31","37.355000"
"2016-06-01","37.910000"
"2016-06-02","38.090000"
"2016-06-03","38.005001"
"2016-06-06","38.310001"
"2016-06-07","38.360001"
"2016-06-08","38.830002"
"2016-06-09","38.814999"
"2016-06-10","38.340000"
"2016-06-13","38.330002"
"2016-06-14","38.165001"
"2016-06-15","38.224998"
"2016-06-16","38.264999"
"2016-06-17","37.840000"
"2016-06-20","38.049999"
"2016-06-21","37.845001"
"2016-06-22","37.660000"
"2016-06-23","38.535000"
"2016-06-24","38.040001"
"2016-06-27","37.915001"
"2016-06-28","38.090000"
"2016-06-29","39.000000"
"2016-06-30","39.889999"
"2016-07-01","40.075001"
"2016-07-05","39.645000"
"2016-07-06","39.630001"
"2016-07-07","40.430000"
"2016-07-08","40.724998"
"2016-07-11","40.250000"
"2016-07-12","39.834999"
"2016-07-13","40.049999"
"2016-07-14","40.185001"
"2016-07-15","39.965000"
"2016-07-18","39.775002"
"2016-07-19","39.724998"
"2016-07-20","40.020000"
"2016-07-21","39.834999"
"2016-07-22","39.525002"
"2016-07-25","39.365002"
"2016-07-26","39.619999"
"2016-07-27","39.465000"
"2016-07-28","41.485001"
"2016-07-29","42.134998"
"2016-08-01","42.294998"
"2016-08-02","41.994999"
"2016-08-03","42.334999"
"2016-08-04","42.299999"
"2016-08-05","42.474998"
"2016-08-08","42.044998"
"2016-08-09","42.209999"
"2016-08-10","41.950001"
"2016-08-11","41.950001"
"2016-08-12","41.860001"
"2016-08-15","42.380001"
"2016-08-16","42.314999"
"2016-08-17","42.334999"
"2016-08-18","42.654999"
"2016-08-19","42.895000"
"2016-08-22","43.049999"
"2016-08-23","43.215000"
"2016-08-24","42.375000"
"2016-08-25","42.564999"
"2016-08-26","43.025002"
"2016-08-29","43.134998"
"2016-08-30","43.270000"
"2016-08-31","43.209999"
"2016-09-01","43.389999"
"2016-09-02","43.584999"
"2016-09-06","43.645000"
"2016-09-07","43.465000"
"2016-09-08","43.700001"
"2016-09-09","42.044998"
"2016-09-12","42.674999"
"2016-09-13","42.349998"
"2016-09-14","42.110001"
"2016-09-15","43.009998"
"2016-09-16","43.064999"
"2016-09-19","43.320000"
"2016-09-20","43.314999"
"2016-09-21","43.645000"
"2016-09-22","43.590000"
"2016-09-23","43.435001"
"2016-09-26","42.834999"
"2016-09-27","43.009998"
"2016-09-28","42.584999"
"2016-09-29","41.375000"
"2016-09-30","41.275002"
"2016-10-03","41.564999"
"2016-10-04","41.240002"
"2016-10-05","41.025002"
"2016-10-06","40.990002"
"2016-10-07","41.525002"
"2016-10-10","42.105000"
"2016-10-11","40.970001"
"2016-10-12","41.044998"
"2016-10-13","40.470001"
"2016-10-14","40.360001"
"2016-10-17","40.375000"
"2016-10-18","40.814999"
"2016-10-19","40.560001"
"2016-10-20","40.715000"
"2016-10-21","40.735001"
"2016-10-24","41.150002"
"2016-10-25","41.020000"
"2016-10-26","40.200001"
"2016-10-27","38.535000"
"2016-10-28","40.845001"
"2016-10-31","39.755001"
"2016-11-01","38.845001"
"2016-11-02","38.794998"
"2016-11-03","38.520000"
"2016-11-04","38.255001"
"2016-11-07","39.205002"
"2016-11-08","40.090000"
"2016-11-09","40.575001"
"2016-11-10","39.965000"
"2016-11-11","39.830002"
"2016-11-14","39.535000"
"2016-11-15","39.990002"
"2016-11-16","40.200001"
"2016-11-17","40.869999"
"2016-11-18","40.779999"
"2016-11-21","41.145000"
"2016-11-22","41.154999"
"2016-11-23","41.584999"
"2016-11-25","41.720001"
"2016-11-28","41.419998"
"2016-11-29","40.785000"
"2016-11-30","40.400002"
"2016-12-01","38.424999"
"2016-12-02","37.889999"
"2016-12-05","38.389999"
"2016-12-06","38.779999"
"2016-12-07","38.735001"
"2016-12-08","39.279999"
"2016-12-09","39.560001"
"2016-12-12","40.514999"
"2016-12-13","41.125000"
"2016-12-14","41.450001"
"2016-12-15","41.415001"
"2016-12-16","41.660000"
"2016-12-19","42.055000"
"2016-12-20","42.139999"
"2016-12-21","42.064999"
"2016-12-22","42.669998"
"2016-12-23","42.955002"
"2016-12-27","43.215000"
"2016-12-28","42.764999"
"2016-12-29","42.910000"
"2016-12-30","42.895000"
"2017-01-03","42.590000"
"2017-01-04","43.279999"
"2017-01-05","43.279999"
"2017-01-06","43.840000"
"2017-01-09","44.700001"
"2017-01-10","44.900002"
"2017-01-11","43.349998"
"2017-01-12","42.360001"
"2017-01-13","42.490002"
"2017-01-17","42.470001"
"2017-01-18","42.689999"
"2017-01-19","41.990002"
"2017-01-20","41.490002"
"2017-01-23","41.639999"
"2017-01-24","41.349998"
"2017-01-25","41.930000"
"2017-01-26","41.360001"
"2017-01-27","41.700001"
"2017-01-30","41.090000"
"2017-01-31","41.730000"
"2017-02-01","42.090000"
"2017-02-02","41.900002"
"2017-02-03","42.240002"
"2017-02-06","41.939999"
"2017-02-07","42.389999"
"2017-02-08","42.540001"
"2017-02-09","43.180000"
"2017-02-10","43.029999"
"2017-02-13","42.849998"
"2017-02-14","43.279999"
"2017-02-15","44.290001"
"2017-02-16","44.299999"
"2017-02-17","44.160000"
"2017-02-21","43.970001"
"2017-02-22","43.259998"
"2017-02-23","42.020000"
"2017-02-24","42.330002"
"2017-02-27","42.770000"
"2017-02-28","42.740002"
"2017-03-01","43.230000"
"2017-03-02","42.740002"
"2017-03-03","42.730000"
"2017-03-06","42.040001"
"2017-03-07","42.150002"
"2017-03-08","42.549999"
"2017-03-09","43.360001"
"2017-03-10","43.150002"
"2017-03-13","43.680000"
"2017-03-14","43.029999"
"2017-03-15","43.259998"
"2017-03-16","42.270000"
"2017-03-17","43.320000"
"2017-03-20","43.169998"
"2017-03-21","42.680000"
"2017-03-22","42.900002"
"2017-03-23","42.349998"
"2017-03-24","42.740002"
"2017-03-27","43.000000"
"2017-03-28","42.599998"
"2017-03-29","42.290001"
"2017-03-30","42.330002"
"2017-03-31","42.130001"
"2017-04-03","42.009998"
"2017-04-04","41.450001"
"2017-04-05","41.020000"
"2017-04-06","40.980000"
"2017-04-07","40.860001"
"2017-04-10","41.119999"
"2017-04-11","41.299999"
"2017-04-12","41.009998"
"2017-04-13","41.139999"
"2017-04-17","41.320000"
"2017-04-18","41.090000"
"2017-04-19","41.599998"
"2017-04-20","42.490002"
"2017-04-21","42.110001"
"2017-04-24","42.880001"
"2017-04-25","43.740002"
"2017-04-26","45.810001"
"2017-04-27","45.759998"
"2017-04-28","45.970001"
"2017-05-01","45.990002"
"2017-05-02","46.439999"
"2017-05-03","45.830002"
"2017-05-04","45.970001"
"2017-05-05","46.250000"
"2017-05-08","46.169998"
"2017-05-09","46.830002"
"2017-05-10","47.139999"
"2017-05-11","46.750000"
"2017-05-12","46.380001"
"2017-05-15","46.730000"
"2017-05-16","46.910000"
"2017-05-17","46.689999"
"2017-05-18","46.400002"
"2017-05-19","47.389999"
"2017-05-22","47.980000"
"2017-05-23","47.970001"
"2017-05-24","48.770000"
"2017-05-25","49.650002"
"2017-05-26","49.049999"
"2017-05-30","49.880001"
"2017-05-31","50.349998"
"2017-06-01","50.830002"
"2017-06-02","51.570000"
"2017-06-05","51.139999"
"2017-06-06","51.250000"
"2017-06-07","51.680000"
"2017-06-08","52.160000"
"2017-06-09","51.820000"
"2017-06-12","51.779999"
"2017-06-13","52.450001"
"2017-06-14","52.869999"
"2017-06-15","52.720001"
"2017-06-16","52.790001"
"2017-06-19","53.669998"
"2017-06-20","53.520000"
"2017-06-21","54.209999"
"2017-06-22","53.810001"
"2017-06-23","54.340000"
"2017-06-26","53.970001"
"2017-06-27","53.740002"
"2017-06-28","54.540001"
"2017-06-29","53.810001"
"2017-06-30","54.509998"
"2017-07-03","54.090000"
"2017-07-05","54.070000"
"2017-07-06","53.040001"
"2017-07-07","53.660000"
"2017-07-10","53.209999"
"2017-07-11","53.730000"
"2017-07-12","54.730000"
"2017-07-13","54.470001"
"2017-07-14","54.980000"
"2017-07-17","55.110001"
"2017-07-18","55.119999"
"2017-07-19","55.759998"
"2017-07-20","55.700001"
"2017-07-21","55.040001"
"2017-07-24","55.189999"
"2017-07-25","55.619999"
"2017-07-26","49.740002"
"2017-07-27","50.110001"
"2017-07-28","49.950001"
"2017-07-31","49.660000"
"2017-08-01","49.110001"
"2017-08-02","47.799999"
"2017-08-03","48.910000"
"2017-08-04","49.080002"
"2017-08-07","50.490002"
"2017-08-08","49.889999"
"2017-08-09","49.810001"
"2017-08-10","48.869999"
"2017-08-11","49.520000"
"2017-08-14","50.310001"
"2017-08-15","50.250000"
"2017-08-16","50.029999"
"2017-08-17","49.660000"
"2017-08-18","50.220001"
"2017-08-21","50.360001"
"2017-08-22","50.560001"
"2017-08-23","50.139999"
"2017-08-24","50.000000"
"2017-08-25","49.540001"
"2017-08-28","49.939999"
"2017-08-29","49.830002"
"2017-08-30","50.000000"
"2017-08-31","50.990002"
"2017-09-01","50.570000"
"2017-09-05","51.349998"
"2017-09-06","51.480000"
"2017-09-07","51.880001"
"2017-09-08","52.139999"
"2017-09-11","52.880001"
"2017-09-12","53.630001"
"2017-09-13","52.400002"
"2017-09-14","52.209999"
"2017-09-15","51.919998"
"2017-09-18","51.880001"
"2017-09-19","50.049999"
"2017-09-20","48.889999"
"2017-09-21","48.310001"
"2017-09-22","48.930000"
"2017-09-25","48.959999"
"2017-09-26","49.130001"
"2017-09-27","50.250000"
"2017-09-28","49.910000"
"2017-09-29","50.480000"
"2017-10-02","50.709999"
"2017-10-03","50.009998"
"2017-10-04","51.770000"
"2017-10-05","51.650002"
"2017-10-06","51.509998"
"2017-10-09","49.430000"
"2017-10-10","49.349998"
"2017-10-11","49.590000"
"2017-10-12","49.500000"
"2017-10-13","49.169998"
"2017-10-16","49.150002"
"2017-10-17","49.529999"
"2017-10-18","50.590000"
"2017-10-19","50.970001"
"2017-10-20","51.529999"
"2017-10-23","51.500000"
"2017-10-24","50.820000"
"2017-10-25","50.939999"
"2017-10-26","47.560001"
"2017-10-27","46.320000"
"2017-10-30","46.349998"
"2017-10-31","46.779999"
"2017-11-01","46.220001"
"2017-11-02","48.220001"
"2017-11-03","48.049999"
"2017-11-06","47.720001"
"2017-11-07","47.560001"
"2017-11-08","48.450001"
"2017-11-09","48.849998"
"2017-11-10","47.590000"
"2017-11-13","47.880001"
"2017-11-14","47.380001"
"2017-11-15","46.709999"
"2017-11-16","47.480000"
"2017-11-17","47.560001"
"2017-11-20","47.400002"
"2017-11-21","47.740002"
"2017-11-22","47.580002"
"2017-11-24","48.430000"
"2017-11-27","48.029999"
"2017-11-28","48.459999"
"2017-11-29","48.619999"
"2017-11-30","48.619999"
"2017-12-01","49.090000"
"2017-12-04","48.259998"
"2017-12-05","47.759998"
"2017-12-06","47.820000"
"2017-12-07","48.080002"
"2017-12-08","48.919998"
"2017-12-11","48.830002"
"2017-12-12","49.020000"
"2017-12-13","50.009998"
"2017-12-14","50.139999"
"2017-12-15","50.520000"
"2017-12-18","49.970001"
"2017-12-19","49.759998"
"2017-12-20","49.910000"
"2017-12-21","50.000000"
"2017-12-22","50.180000"
"2017-12-26","49.639999"
"2017-12-27","49.430000"
"2017-12-28","49.169998"
"2017-12-29","47.860001"
"2018-01-02","46.869999"
"2018-01-03","47.090000"
"2018-01-04","47.169998"
"2018-01-05","46.549999"
"2018-01-08","49.680000"
"2018-01-09","49.540001"
"2018-01-10","49.169998"
"2018-01-11","50.470001"
"2018-01-12","50.570000"
"2018-01-16","49.840000"
"2018-01-17","49.990002"
"2018-01-18","50.180000"
"2018-01-19","51.150002"
"2018-01-22","51.450001"
"2018-01-23","50.450001"
"2018-01-24","51.130001"
"2018-01-25","52.169998"
"2018-01-26","53.180000"
"2018-01-29","53.490002"
"2018-01-30","52.820000"
"2018-01-31","52.660000"
"2018-02-01","53.410000"
"2018-02-02","53.020000"
"2018-02-05","51.919998"
"2018-02-06","51.000000"
"2018-02-07","51.169998"
"2018-02-08","49.150002"
"2018-02-09","49.340000"
"2018-02-12","49.990002"
"2018-02-13","49.750000"
"2018-02-14","50.639999"
"2018-02-15","51.430000"
"2018-02-16","52.259998"
"2018-02-20","51.630001"
"2018-02-21","52.169998"
"2018-02-22","52.930000"
"2018-02-23","54.070000"
"2018-02-26","54.959999"
"2018-02-27","53.680000"
"2018-02-28","52.730000"
"2018-03-01","51.720001"
"2018-03-02","52.700001"
"2018-03-05","53.080002"
"2018-03-06","53.169998"
"2018-03-07","53.709999"
"2018-03-08","53.700001"
"2018-03-09","54.849998"
"2018-03-12","55.770000"
"2018-03-13","56.230000"
"2018-03-14","56.139999"
"2018-03-15","56.310001"
"2018-03-16","57.380001"
"2018-03-19","56.680000"
"2018-03-20","56.939999"
"2018-03-21","56.900002"
"2018-03-22","55.750000"
"2018-03-23","54.150002"
"2018-03-26","55.639999"
"2018-03-27","55.619999"
"2018-03-28","54.720001"
"2018-03-29","55.340000"
"2018-04-02","54.049999"
"2018-04-03","54.860001"
"2018-04-04","56.000000"
"2018-04-05","55.939999"
"2018-04-06","54.590000"
"2018-04-09","54.540001"
"2018-04-10","55.380001"
"2018-04-11","55.430000"
"2018-04-12","55.790001"
"2018-04-13","55.270000"
"2018-04-16","55.889999"
"2018-04-17","56.150002"
"2018-04-18","56.959999"
"2018-04-19","56.250000"
"2018-04-20","56.200001"
"2018-04-23","55.720001"
"2018-04-24","54.669998"
"2018-04-25","58.980000"
"2018-04-26","60.020000"
"2018-04-27","61.720001"
"2018-04-30","61.630001"
"2018-05-01","62.250000"
"2018-05-02","62.000000"
"2018-05-03","62.759998"
"2018-05-04","64.080002"
"2018-05-07","64.650002"
"2018-05-08","64.790001"
"2018-05-09","63.840000"
"2018-05-10","64.419998"
"2018-05-11","64.790001"
"2018-05-14","63.000000"
"2018-05-15","63.189999"
"2018-05-16","63.849998"
"2018-05-17","64.089996"
"2018-05-18","64.589996"
"2018-05-21","64.529999"
"2018-05-22","63.500000"
"2018-05-23","63.990002"
"2018-05-24","64.000000"
"2018-05-25","63.779999"
"2018-05-29","63.770000"
"2018-05-30","64.480003"
"2018-05-31","64.540001"
"2018-06-01","64.040001"
"2018-06-04","62.549999"
"2018-06-05","63.610001"
"2018-06-06","64.629997"
"2018-06-07","64.470001"
"2018-06-08","64.820000"
"2018-06-11","65.510002"
"2018-06-12","65.849998"
"2018-06-13","66.139999"
"2018-06-14","67.040001"
"2018-06-15","67.230003"
"2018-06-18","66.910004"
"2018-06-19","66.620003"
"2018-06-20","66.680000"
"2018-06-21","66.430000"
"2018-06-22","65.750000"
"2018-06-25","64.300003"
"2018-06-26","65.019997"
"2018-06-27","64.410004"
"2018-06-28","65.769997"
"2018-06-29","64.410004"
"2018-07-02","62.689999"
"2018-07-03","62.660000"
"2018-07-05","63.169998"
"2018-07-06","64.209999"
"2018-07-09","64.010002"
"2018-07-10","63.410000"
"2018-07-11","62.869999"
"2018-07-12","63.240002"
"2018-07-13","63.000000"
"2018-07-16","62.549999"
"2018-07-17","63.310001"
"2018-07-18","62.939999"
"2018-07-19","63.220001"
"2018-07-20","62.950001"
"2018-07-23","63.439999"
"2018-07-24","62.660000"
"2018-07-25","60.320000"
"2018-07-26","61.200001"
"2018-07-27","61.430000"
"2018-07-30","61.209999"
"2018-07-31","62.330002"
"2018-08-01","62.669998"
"2018-08-02","63.619999"
"2018-08-03","63.369999"
"2018-08-06","63.880001"
"2018-08-07","61.919998"
"2018-08-08","62.180000"
"2018-08-09","62.470001"
"2018-08-10","62.880001"
"2018-08-13","62.459999"
"2018-08-14","62.509998"
"2018-08-15","62.009998"
"2018-08-16","59.580002"
"2018-08-17","58.970001"
"2018-08-20","58.389999"
"2018-08-21","58.910000"
"2018-08-22","59.250000"
"2018-08-23","59.520000"
"2018-08-24","59.220001"
"2018-08-27","58.639999"
"2018-08-28","58.889999"
"2018-08-29","59.279999"
"2018-08-30","59.169998"
"2018-08-31","59.470001"
"2018-09-04","58.669998"
"2018-09-05","57.630001"
"2018-09-06","62.279999"
"2018-09-07","61.549999"
"2018-09-10","61.049999"
"2018-09-11","64.080002"
"2018-09-12","64.980003"
"2018-09-13","64.339996"
"2018-09-14","65.220001"
"2018-09-17","62.959999"
"2018-09-18","63.330002"
"2018-09-19","62.970001"
"2018-09-20","63.400002"
"2018-09-21","63.209999"
"2018-09-24","63.680000"
"2018-09-25","64.730003"
"2018-09-26","64.480003"
"2018-09-27","64.580002"
"2018-09-28","65.870003"
"2018-10-01","64.510002"
"2018-10-02","63.830002"
"2018-10-03","62.840000"
"2018-10-04","61.700001"
"2018-10-05","61.419998"
"2018-10-08","61.259998"
"2018-10-09","61.020000"
"2018-10-10","60.139999"
"2018-10-11","60.660000"
"2018-10-12","61.959999"
"2018-10-15","61.709999"
"2018-10-16","63.290001"
"2018-10-17","63.669998"
"2018-10-18","63.470001"
"2018-10-19","62.580002"
"2018-10-22","62.139999"
"2018-10-23","62.270000"
"2018-10-24","61.630001"
"2018-10-25","62.590000"
"2018-10-26","61.049999"
"2018-10-29","61.520000"
"2018-10-30","62.320000"
"2018-10-31","53.570000"
"2018-11-01","54.450001"
"2018-11-02","53.660000"
"2018-11-05","53.880001"
"2018-11-06","55.490002"
"2018-11-07","56.389999"
"2018-11-08","56.529999"
"2018-11-09","55.110001"
"2018-11-12","54.000000"
"2018-11-13","52.560001"
"2018-11-14","52.520000"
"2018-11-15","53.470001"
"2018-11-16","54.279999"
"2018-11-19","52.369999"
"2018-11-20","52.790001"
"2018-11-21","52.959999"
"2018-11-23","53.099998"
"2018-11-26","53.049999"
"2018-11-27","52.840000"
"2018-11-28","54.220001"
"2018-11-29","53.270000"
"2018-11-30","53.630001"
"2018-12-03","53.779999"
"2018-12-04","51.540001"
"2018-12-06","50.990002"
"2018-12-07","49.959999"
"2018-12-10","49.439999"
"2018-12-11","49.970001"
"2018-12-12","49.799999"
"2018-12-13","49.209999"
"2018-12-14","48.389999"
"2018-12-17","47.110001"
"2018-12-18","47.740002"
"2018-12-19","46.570000"
"2018-12-20","45.209999"
"2018-12-21","44.349998"
"2018-12-24","42.619999"
"2018-12-26","44.439999"
"2018-12-27","44.290001"
"2018-12-28","44.330002"
"2018-12-31","45.099998"
"2019-01-02","43.740002"
"2019-01-03","42.970001"
"2019-01-04","44.349998"
"2019-01-07","44.459999"
"2019-01-08","46.570000"
"2019-01-09","46.090000"
"2019-01-10","45.500000"
"2019-01-11","45.509998"
"2019-01-14","44.680000"
"2019-01-15","45.869999"
"2019-01-16","46.110001"
"2019-01-17","46.360001"
"2019-01-18","47.040001"
"2019-01-22","45.970001"
"2019-01-23","45.860001"
"2019-01-24","46.889999"
"2019-01-25","46.660000"
"2019-01-28","46.139999"
"2019-01-29","45.930000"
"2019-01-30","46.450001"
"2019-01-31","47.360001"
"2019-02-01","47.410000"
"2019-02-04","48.110001"
"2019-02-05","48.650002"
"2019-02-06","48.540001"
"2019-02-07","48.730000"
"2019-02-08","49.029999"
"2019-02-11","49.430000"
"2019-02-12","50.540001"
"2019-02-13","50.130001"
"2019-02-14","50.650002"
"2019-02-15","51.060001"
"2019-02-19","51.169998"
"2019-02-20","51.930000"
"2019-02-21","55.580002"
"2019-02-22","54.880001"
"2019-02-25","55.959999"
"2019-02-26","55.110001"
"2019-02-27","55.000000"
"2019-02-28","55.090000"
"2019-03-01","56.020000"
"2019-03-04","56.029999"
"2019-03-05","55.709999"
"2019-03-06","54.880001"
"2019-03-07","54.889999"
"2019-03-08","54.869999"
"2019-03-11","55.139999"
"2019-03-12","55.410000"
"2019-03-13","55.910000"
"2019-03-14","56.139999"
"2019-03-15","56.009998"
"2019-03-18","55.700001"
"2019-03-19","56.650002"
"2019-03-20","56.290001"
"2019-03-21","57.330002"
"2019-03-22","55.290001"
"2019-03-25","55.110001"
"2019-03-26","55.209999"
"2019-03-27","55.520000"
"2019-03-28","55.419998"
"2019-03-29","55.720001"
"2019-04-01","54.930000"
"2019-04-02","54.250000"
"2019-04-03","54.709999"
"2019-04-04","53.880001"
"2019-04-05","54.430000"
"2019-04-08","54.150002"
"2019-04-09","54.169998"
"2019-04-10","54.619999"
"2019-04-11","54.000000"
"2019-04-12","53.840000"
"2019-04-15","53.709999"
"2019-04-16","52.660000"
"2019-04-17","50.150002"
"2019-04-18","51.139999"
"2019-04-22","51.759998"
"2019-04-23","53.020000"
"2019-04-24","51.340000"
"2019-04-25","51.380001"
"2019-04-26","52.540001"
"2019-04-29","51.820000"
"2019-04-30","52.189999"
"2019-05-01","50.880001"
"2019-05-02","52.040001"
"2019-05-03","52.709999"
"2019-05-06","53.160000"
"2019-05-07","52.160000"
"2019-05-08","52.259998"
"2019-05-09","52.810001"
"2019-05-10","52.580002"
"2019-05-13","50.439999"
"2019-05-14","50.099998"
"2019-05-15","49.820000"
"2019-05-16","50.209999"
"2019-05-17","49.430000"
"2019-05-20","49.470001"
"2019-05-21","49.759998"
"2019-05-22","49.759998"
"2019-05-23","48.849998"
"2019-05-24","48.959999"
"2019-05-28","47.619999"
"2019-05-29","47.160000"
"2019-05-30","47.060001"
"2019-05-31","46.599998"
"2019-06-03","46.450001"
"2019-06-04","47.820000"
"2019-06-05","48.250000"
"2019-06-06","49.169998"
"2019-06-07","49.230000"
"2019-06-10","49.990002"
"2019-06-11","49.709999"
"2019-06-12","50.599998"
"2019-06-13","51.099998"
"2019-06-14","50.880001"
"2019-06-17","51.160000"
"2019-06-18","51.880001"
"2019-06-19","52.730000"
"2019-06-20","53.110001"
"2019-06-21","53.290001"
"2019-06-24","53.240002"
"2019-06-25","54.040001"
"2019-06-26","52.849998"
"2019-06-27","54.369999"
"2019-06-28","55.849998"
"2019-07-01","55.419998"
"2019-07-02","54.259998"
"2019-07-03","55.080002"
"2019-07-05","54.900002"
"2019-07-08","54.209999"
"2019-07-09","54.040001"
"2019-07-10","54.639999"
"2019-07-11","54.740002"
"2019-07-12","54.230000"
"2019-07-15","53.799999"
"2019-07-16","53.290001"
"2019-07-17","53.939999"
"2019-07-18","54.849998"
"2019-07-19","54.430000"
"2019-07-22","54.660000"
"2019-07-23","55.480000"
"2019-07-24","63.220001"
"2019-07-25","62.139999"
"2019-07-26","63.270000"
"2019-07-29","63.509998"
"2019-07-30","64.589996"
"2019-07-31","63.389999"
"2019-08-01","63.419998"
"2019-08-02","62.380001"
"2019-08-05","61.180000"
"2019-08-06","61.810001"
"2019-08-07","61.779999"
"2019-08-08","62.799999"
"2019-08-09","62.799999"
"2019-08-12","61.910000"
"2019-08-13","62.500000"
"2019-08-14","60.889999"
"2019-08-15","60.029999"
"2019-08-16","61.020000"
"2019-08-19","61.630001"
"2019-08-20","61.250000"
"2019-08-21","61.770000"
"2019-08-22","61.520000"
"2019-08-23","59.900002"
"2019-08-26","60.000000"
"2019-08-27","58.490002"
"2019-08-28","58.939999"
"2019-08-29","59.779999"
"2019-08-30","60.020000"
"2019-09-03","58.939999"
"2019-09-04","58.500000"
"2019-09-05","59.459999"
"2019-09-06","60.439999"
"2019-09-09","61.049999"
"2019-09-10","63.160000"
"2019-09-11","62.740002"
"2019-09-12","61.869999"
"2019-09-13","61.400002"
"2019-09-16","60.779999"
"2019-09-17","61.180000"
"2019-09-18","61.000000"
"2019-09-19","60.889999"
"2019-09-20","61.060001"
"2019-09-23","61.250000"
"2019-09-24","60.330002"
"2019-09-25","61.000000"
"2019-09-26","60.810001"
"2019-09-27","59.330002"
"2019-09-30","60.070000"
"2019-10-01","59.430000"
"2019-10-02","58.590000"
"2019-10-03","59.419998"
"2019-10-04","60.099998"
"2019-10-07","59.500000"
"2019-10-08","57.930000"
"2019-10-09","58.419998"
"2019-10-10","59.130001"
"2019-10-11","60.840000"
"2019-10-14","60.570000"
"2019-10-15","61.849998"
"2019-10-16","61.799999"
"2019-10-17","61.959999"
"2019-10-18","62.490002"
"2019-10-21","61.779999"
"2019-10-22","60.230000"
"2019-10-23","60.389999"
"2019-10-24","55.950001"
"2019-10-25","55.730000"
"2019-10-28","57.230000"
"2019-10-29","57.320000"
"2019-10-30","57.880001"
"2019-10-31","58.060001"
"2019-11-01","58.700001"
"2019-11-04","58.669998"
"2019-11-05","58.880001"
"2019-11-06","58.139999"
"2019-11-07","57.970001"
"2019-11-08","58.549999"
"2019-11-11","58.200001"
"2019-11-12","58.380001"
"2019-11-13","57.700001"
"2019-11-14","57.799999"
"2019-11-15","58.430000"
"2019-11-18","58.020000"
"2019-11-19","58.919998"
"2019-11-20","59.189999"
"2019-11-21","58.970001"
"2019-11-22","59.189999"
"2019-11-25","60.759998"
"2019-11-26","60.990002"
"2019-11-27","61.340000"
"2019-11-29","60.990002"
"2019-12-02","60.799999"
"2019-12-03","60.490002"
"2019-12-04","61.450001"
"2019-12-05","61.680000"
"2019-12-06","62.250000"
"2019-12-09","60.880001"
"2019-12-10","60.880001"
"2019-12-11","61.259998"
"2019-12-12","61.959999"
"2019-12-13","61.730000"
"2019-12-16","59.500000"
"2019-12-17","60.560001"
"2019-12-18","59.419998"
"2019-12-19","59.389999"
"2019-12-20","58.599998"
"2019-12-23","59.400002"
"2019-12-24","59.439999"
"2019-12-26","58.799999"
"2019-12-27","58.680000"
"2019-12-30","58.029999"
"2019-12-31","58.279999"
"2020-01-02","57.869999"
"2020-01-03","57.259998"
"2020-01-06","57.369999"
"2020-01-07","56.810001"
"2020-01-08","57.349998"
"2020-01-09","58.340000"
"2020-01-10","58.259998"
"2020-01-13","58.369999"
"2020-01-14","58.480000"
"2020-01-15","58.320000"
"2020-01-16","60.299999"
"2020-01-17","59.130001"
"2020-01-21","58.639999"
"2020-01-22","58.400002"
"2020-01-23","56.180000"
"2020-01-24","55.209999"
"2020-01-27","54.369999"
"2020-01-28","55.090000"
"2020-01-29","54.869999"
"2020-01-30","55.060001"
"2020-01-31","55.040001"
"2020-02-03","55.509998"
"2020-02-04","56.669998"
"2020-02-05","57.830002"
"2020-02-06","58.000000"
"2020-02-07","57.439999"
"2020-02-10","58.160000"
"2020-02-11","58.520000"
"2020-02-12","58.759998"
"2020-02-13","59.049999"
"2020-02-14","58.930000"
"2020-02-18","58.820000"
"2020-02-19","61.040001"
"2020-02-20","60.509998"
"2020-02-21","59.270000"
"2020-02-24","58.639999"
"2020-02-25","56.520000"
"2020-02-26","54.340000"
"2020-02-27","52.770000"
"2020-02-28","52.099998"
"2020-03-02","52.560001"
"2020-03-03","51.299999"
"2020-03-04","52.790001"
"2020-03-05","50.060001"
"2020-03-06","49.910000"
"2020-03-09","45.610001"
"2020-03-10","49.230000"
"2020-03-11","46.080002"
"2020-03-12","41.919998"
"2020-03-13","43.389999"
"2020-03-16","39.560001"
"2020-03-17","39.240002"
"2020-03-18","36.880001"
"2020-03-19","37.919998"
"2020-03-20","37.820000"
"2020-03-23","36.669998"
"2020-03-24","39.490002"
"2020-03-25","38.790001"
"2020-03-26","40.770000"
"2020-03-27","41.750000"
"2020-03-30","43.549999"
"2020-03-31","44.669998"
"2020-04-01","42.680000"
"2020-04-02","42.349998"
"2020-04-03","41.419998"
"2020-04-06","44.439999"
"2020-04-07","44.810001"
"2020-04-08","47.799999"
"2020-04-09","48.860001"
"2020-04-13","48.290001"
"2020-04-14","48.070000"
"2020-04-15","47.200001"
"2020-04-16","47.389999"
"2020-04-17","49.040001"
"2020-04-20","48.939999"
"2020-04-21","47.119999"
"2020-04-22","47.509998"
"2020-04-23","47.840000"
"2020-04-24","48.139999"
"2020-04-27","49.470001"
"2020-04-28","49.240002"
"2020-04-29","51.169998"
"2020-04-30","51.049999"
"2020-05-01","50.810001"
"2020-05-04","50.720001"
"2020-05-05","51.889999"
"2020-05-06","51.490002"
"2020-05-07","51.180000"
"2020-05-08","52.250000"
"2020-05-11","52.529999"
"2020-05-12","50.060001"
"2020-05-13","47.419998"
"2020-05-14","47.290001"
"2020-05-15","46.439999"
"2020-05-18","50.139999"
"2020-05-19","48.810001"
"2020-05-20","49.540001"
"2020-05-21","49.799999"
"2020-05-22","49.889999"
"2020-05-26","51.990002"
"2020-05-27","52.099998"
"2020-05-28","52.160000"
"2020-05-29","52.110001"
"2020-06-01","52.610001"
"2020-06-02","53.130001"
"2020-06-03","53.810001"
"2020-06-04","52.770000"
"2020-06-05","55.570000"
"2020-06-08","55.310001"
"2020-06-09","51.990002"
"2020-06-10","49.619999"
"2020-06-11","48.400002"
"2020-06-12","48.360001"
"2020-06-15","48.910000"
"2020-06-16","50.009998"
"2020-06-17","48.610001"
"2020-06-18","47.980000"
"2020-06-19","49.320000"
"2020-06-22","47.990002"
"2020-06-23","48.799999"
"2020-06-24","46.480000"
"2020-06-25","46.560001"
"2020-06-26","45.599998"
"2020-06-29","46.480000"
"2020-06-30","46.990002"
"2020-07-01","48.650002"
"2020-07-02","48.720001"
"2020-07-06","48.200001"
"2020-07-07","46.830002"
"2020-07-08","46.799999"
"2020-07-09","46.330002"
"2020-07-10","46.480000"
"2020-07-13","46.340000"
"2020-07-14","47.160000"
"2020-07-15","50.020000"
"2020-07-16","49.200001"
"2020-07-17","49.810001"
"2020-07-20","48.410000"
"2020-07-21","48.720001"
"2020-07-22","48.830002"
"2020-07-23","49.189999"
"2020-07-24","48.389999"
"2020-07-27","48.520000"
"2020-07-28","48.580002"
"2020-07-29","49.730000"
"2020-07-30","48.840000"
"2020-07-31","47.750000"
"2020-08-03","47.930000"
"2020-08-04","47.400002"
"2020-08-05","47.849998"
"2020-08-06","47.810001"
"2020-08-07","48.090000"
"2020-08-10","49.349998"
"2020-08-11","51.169998"
"2020-08-12","50.820000"
"2020-08-13","51.720001"
"2020-08-14","51.250000"
"2020-08-17","50.270000"
"2020-08-18","49.840000"
"2020-08-19","49.320000"
"2020-08-20","47.959999"
"2020-08-21","47.180000"
"2020-08-24","46.930000"
"2020-08-25","47.090000"
"2020-08-26","46.980000"
"2020-08-27","47.830002"
"2020-08-28","47.939999"
"2020-08-31","47.790001"
"2020-09-01","45.680000"
"2020-09-02","46.840000"
"2020-09-03","45.509998"
"2020-09-04","45.630001"
"2020-09-08","45.220001"
"2020-09-09","45.419998"
"2020-09-10","43.330002"
"2020-09-11","43.389999"
"2020-09-14","45.310001"
"2020-09-15","45.509998"
"2020-09-16","47.000000"
"2020-09-17","46.549999"
"2020-09-18","46.619999"
"2020-09-21","45.060001"
"2020-09-22","45.369999"
"2020-09-23","45.060001"
"2020-09-24","45.520000"
"2020-09-25","46.950001"
"2020-09-28","46.759998"
"2020-09-29","46.419998"
"2020-09-30","47.220001"
"2020-10-01","47.270000"
"2020-10-02","47.230000"
"2020-10-05","48.470001"
"2020-10-06","48.810001"
"2020-10-07","51.880001"
"2020-10-08","50.540001"
"2020-10-09","49.799999"
"2020-10-12","49.320000"
"2020-10-13","48.240002"
"2020-10-14","47.869999"
"2020-10-15","47.950001"
"2020-10-16","48.459999"
"2020-10-19","47.810001"
"2020-10-20","47.750000"
"2020-10-21","47.439999"
"2020-10-22","48.259998"
"2020-10-23","49.070000"
"2020-10-26","47.470001"
"2020-10-27","46.549999"
"2020-10-28","43.869999"
"2020-10-29","43.310001"
"2020-10-30","44.099998"
"2020-11-02","44.450001"
"2020-11-03","47.080002"
"2020-11-04","47.020000"
"2020-11-05","48.779999"
"2020-11-06","48.950001"
"2020-11-09","55.680000"
"2020-11-10","54.590000"
"2020-11-11","53.820000"
"2020-11-12","54.189999"
"2020-11-13","56.130001"
"2020-11-16","55.869999"
"2020-11-17","55.250000"
"2020-11-18","55.590000"
"2020-11-19","56.049999"
"2020-11-20","54.529999"
"2020-11-23","54.779999"
"2020-11-24","55.730000"
"2020-11-25","54.400002"
"2020-11-27","55.619999"
"2020-11-30","54.730000"
"2020-12-01","54.000000"
"2020-12-02","55.020000"
"2020-12-03","54.919998"
"2020-12-04","56.389999"
"2020-12-07","55.029999"
"2020-12-08","55.750000"
"2020-12-09","56.419998"
"2020-12-10","58.959999"
"2020-12-11","58.279999"
"2020-12-14","57.509998"
"2020-12-15","59.610001"
"2020-12-16","60.810001"
"2020-12-17","62.180000"
"2020-12-18","62.750000"
"2020-12-21","62.480000"
"2020-12-22","64.570000"
"2020-12-23","65.529999"
"2020-12-24","66.389999"
"2020-12-28","66.209999"
"2020-12-29","66.550003"
"2020-12-30","65.050003"
"2020-12-31","64.919998"
"2021-01-04","62.630001"
"2021-01-05","63.790001"
"2021-01-06","64.419998"
"2021-01-07","65.839996"
"2021-01-08","65.959999"
"2021-01-11","65.870003"
"2021-01-12","65.400002"
"2021-01-13","65.650002"
"2021-01-14","67.779999"
"2021-01-15","67.690002"
"2021-01-19","68.360001"
"2021-01-20","70.150002"
"2021-01-21","69.379997"
"2021-01-22","69.300003"
"2021-01-25","69.360001"
"2021-01-26","69.860001"
"2021-01-27","68.660004"
"2021-01-28","68.339996"
"2021-01-29","66.040001"
"2021-02-01","66.639999"
"2021-02-02","67.169998"
"2021-02-03","66.459999"
"2021-02-04","68.040001"
"2021-02-05","68.169998"
"2021-02-08","69.169998"
"2021-02-09","68.959999"
"2021-02-10","69.040001"
"2021-02-11","69.570000"
"2021-02-12","69.150002"
"2021-02-16","69.510002"
"2021-02-17","71.150002"
"2021-02-18","68.820000"
"2021-02-19","68.220001"
"2021-02-22","68.910004"
"2021-02-23","69.139999"
"2021-02-24","70.239998"
"2021-02-25","69.239998"
"2021-02-26","68.339996"
"2021-03-01","69.430000"
"2021-03-02","69.260002"
"2021-03-03","67.919998"
"2021-03-04","65.910004"
"2021-03-05","66.199997"
"2021-03-08","66.099998"
"2021-03-09","67.099998"
"2021-03-10","68.599998"
"2021-03-11","68.099998"
"2021-03-12","68.099998"
"2021-03-15","68.580002"
"2021-03-16","67.589996"
"2021-03-17","68.139999"
"2021-03-18","66.489998"
"2021-03-19","66.769997"
"2021-03-22","67.139999"
"2021-03-23","65.349998"
"2021-03-24","65.500000"
"2021-03-25","66.139999"
"2021-03-26","68.830002"
"2021-03-29","67.160004"
"2021-03-30","68.820000"
"2021-03-31","69.089996"
"2021-04-01","68.080002"
"2021-04-05","68.300003"
"2021-04-06","68.269997"
"2021-04-07","68.080002"
"2021-04-08","69.470001"
"2021-04-09","70.120003"
"2021-04-12","69.440002"
"2021-04-13","69.919998"
"2021-04-14","70.220001"
"2021-04-15","70.949997"
"2021-04-16","72.250000"
"2021-04-19","72.820000"
"2021-04-20","72.730003"
"2021-04-21","74.360001"
"2021-04-22","74.379997"
"2021-04-23","74.629997"
"2021-04-26","76.400002"
"2021-04-27","76.629997"
"2021-04-28","73.800003"
"2021-04-29","75.070000"
"2021-04-30","74.080002"
"2021-05-03","74.059998"
"2021-05-04","73.949997"
"2021-05-05","73.650002"
"2021-05-06","73.519997"
"2021-05-07","74.220001"
"2021-05-10","73.680000"
"2021-05-11","71.129997"
"2021-05-12","69.919998"
"2021-05-13","70.650002"
"2021-05-14","70.790001"
"2021-05-17","71.800003"
"2021-05-18","71.589996"
"2021-05-19","71.510002"
"2021-05-20","70.949997"
"2021-05-21","70.290001"
"2021-05-24","70.110001"
"2021-05-25","70.050003"
"2021-05-26","69.220001"
"2021-05-27","68.959999"
"2021-05-28","69.050003"
"2021-06-01","68.370003"
"2021-06-02","66.790001"
"2021-06-03","67.389999"
"2021-06-04","67.559998"
"2021-06-07","67.339996"
"2021-06-08","68.8300